211 176
218 198
224 219
232 240
243 260
259 274
280 286
302 294
325 294
347 288
363 274
375 257
383 236
386 214
387 192
387 171
386 150
233 154
243 142
259 135
276 133
294 136
315 134
329 126
344 123
360 124
371 133
309 156
312 170
315 184
319 198
301 216
311 216
320 217
327 215
335 212
255 168
264 162
275 160
285 165
276 168
265 169
330 160
338 152
348 150
358 154
350 158
340 160
286 248
300 239
312 233
321 234
329 231
339 235
351 241
341 248
332 252
323 254
314 254
302 253
292 247
312 242
321 242
329 241
346 242
330 241
322 242
313 242
