595 562
598 622
604 686
621 751
651 811
699 859
762 893
829 924
901 930
973 910
1036 870
1093 825
1136 767
1158 699
1165 631
1162 560
1155 495
644 486
673 454
719 446
766 454
813 469
888 459
933 429
982 408
1037 407
1077 436
854 525
858 569
861 609
865 651
814 693
842 702
872 707
902 697
929 685
698 547
725 536
754 533
789 544
758 552
727 555
929 528
960 509
990 505
1023 508
996 524
964 529
794 784
829 770
858 760
879 765
899 757
934 761
978 765
940 797
907 812
884 816
862 816
832 808
809 783
860 778
881 780
902 776
962 768
903 781
881 785
860 784
