90 162
92 178
94 194
98 210
105 224
116 236
131 245
147 251
164 254
181 251
196 244
210 233
219 219
224 204
226 187
227 170
227 153
103 140
109 129
121 124
134 125
147 129
165 127
177 121
191 119
204 122
212 132
157 145
158 155
159 164
159 174
147 188
154 189
160 189
166 188
171 187
118 151
124 146
132 145
140 151
132 152
124 153
175 149
182 142
191 142
198 147
191 149
183 149
138 212
146 205
154 202
160 203
165 202
174 205
184 212
175 216
167 217
160 218
154 217
147 215
142 211
154 209
160 209
165 209
179 211
166 210
160 210
154 209
