1531 99
1531 103
1532 107
1533 112
1535 115
1537 118
1540 121
1543 124
1547 124
1552 123
1556 121
1560 118
1563 114
1566 110
1567 105
1567 101
1567 96
1536 94
1537 92
1539 91
1540 91
1542 92
1550 91
1552 89
1555 88
1557 89
1560 89
1546 95
1547 98
1547 101
1547 104
1544 105
1546 106
1548 107
1549 106
1551 105
1538 98
1540 97
1542 96
1543 96
1542 97
1540 98
1552 95
1553 94
1555 94
1557 95
1555 95
1554 95
1540 112
1543 110
1545 110
1547 110
1548 109
1550 110
1552 110
1550 113
1548 115
1546 115
1544 116
1542 115
1542 112
1545 111
1547 111
1548 111
1551 111
1548 112
1546 113
1545 113
